s 470 71 1328 166
s 670 147 1322 27 151 125
r 882
s 1191 64 239 193 287 26
d -756
s 265 15 1030 254
r -539
r -323
s 1336 187 60 128 28 91
d -720
s 850 18 112 194 514 47
s 373 269 1411 107
s 879 267 622 33
d 481
r -1
d -50
r -1
s 457 157 922 33 167 93
d -1
d 416
r -868
s 138 38 1359 165 109 92
r -1
r -1
r -1
d -1
d -933
d -1
s 1181 120 571 168 135 59
s 1145 249 551 72 29 12
d -1
s 1456 62 420 228 37 39
r -1
s 1040 204 503 56 309 71
d -220
d -1
d -1
r -1
s 643 254 1208 80 165 17
d -1
d -1
s 843 195 318 64
d -1
r -1
r 43
r -1
s 468 68 1213 245
s 1325 68 52 191 53 24
d -734
d -1
r 496
r 805
r -1
s 450 159 896 31 89 74
s 1294 164 545 133 128 60
d -1
s 1353 259 308 50 56 13
d -1
d 82
s 1130 213 718 116 52 43
s 844 236 742 64 80 18
s 296 194 1137 91
r -260
d -418
s 275 140 1424 273
d -1
d -1
s 527 138 770 278
r -38
s 670 71 1095 232 330 16
s 232 159 1246 46
s 248 196 894 95
d -1
s 851 231 31 121 25 50
d 738
s 1074 83 368 263
d 800
d -1
s 459 191 1338 109 18 65
s 207 27 1118 227 24 28
d 687
r -749
d -6
s 1266 80 500 266
r 543
r -914
d -1
s 196 160 917 5 390 97
r -1
d -1
r -960
s 1427 221 699 18 17 59
s 547 193 758 9
s 171 135 1064 238 24 42
d -1
s 627 189 1429 126 65 49
r 977
d 18
d -1
d 502
d -1
d -372
r -559
r -1
r -1
s 341 168 874 33 275 71
s 516 37 1329 258 152 15
d -1
d -1
s 1215 3 709 162 279 22
s 280 171 1130 71 69 60
s 1215 234 441 105
s 1019 162 346 66 352 12
r -1
d -550
r -500
s 1414 168 702 135 66 33
r -411
d -1
r 55
r 56
d -151
s 1360 271 662 12
d -125
d 839
r -423
d 875
r -118
s 453 1 1204 233 158 27
r 414
s 312 98 1449 176 44 100
r -1
s 88 8 883 196
s 203 11 1462 175 10 48
r -1
s 1186 51 295 269
r 375
d -1
r -87
s 200 146 1361 20 75 21
d -1
s 36 32 1488 147
d -1
d 892
r -1
s 369 65 1278 230 27 49
r 508
r -977
d -1
d -1
r -544
r -541
d -265
d -1
r 193
r -1
s 832 211 242 137 533 49
r -239
d -1
d -1
s 1181 30 271 192
s 384 67 1399 177 39 32
s 561 148 1192 121 160 31
s 594 186 1494 26
r -1
d -1
r -729
s 98 158 903 136 561 40
s 657 230 1263 109
r -1
d -1
d -1
r -1
s 1013 160 274 35 45 52
d -1
d -1
d -1
r -1
d -578
r -1
s 904 267 628 36
d -466
r -1
d -1
s 216 229 867 112
s 615 172 932 137 299 83
s 398 10 1407 222 33 58
r -1
s 583 132 1028 192 29 60
d 344
s 85 27 1005 197 190 62
s 1405 165 641 69
d 957
d -566
r -432
s 1267 154 602 17
s 371 85 1227 233 36 46
r -1
d -1
s 552 8 1263 147
r -88
r -1
d -1
s 1347 279 729 11
d 619
s 1313 154 255 113 95 25
d 615
d -176
d -532
s 82 212 1279 13 110 53
r -1
s 1180 134 500 150
r -621
s 1244 204 252 39 203 31
d -215
r -253
d 718
s 1312 49 56 237
r -1
d -1
s 492 97 1468 168 30 85
r -679
s 1492 103 184 216
s 1169 232 96 19 49 41
d -768
r 951
s 992 30 332 272
d 863
s 407 217 1416 114 46 41
r 822
s 936 186 492 12 317 51
r 19
r 766
r -139
r 716
r -495
s 168 253 1280 78 98 28
r 725
r 934
s 1370 216 536 91
d -1
d 301
s 618 157 1257 135
r -1
d -1
r -664
s 1223 12 661 225 112 28
d -1
r -724
r -210
s 1378 191 697 19 11 19
r 132
r -1
s 1280 76 476 206 108 28
r -668
r -1
d 5
r -137
r -1
s 146 145 1024 102
r -1
s 1470 157 128 6
s 740 57 1490 235
d -1
s 1332 170 184 103 105 63
r 257
s 1258 258 29 109 219 13
d -894
s 104 61 1254 144 44 38
r -30
d 704
r -1
r -1
s 1348 79 95 153 11 110
r -420
d 371
r -579
s 1257 101 675 222 72 39
s 1402 85 402 248 85 18
d -1
s 133 112 1162 228 294 53
s 1465 263 71 31
r -11
d -971
r -1
d -1
d -1
d 113
s 843 220 24 69 307 11
d -1
d -13
r -522
d -1
r 152
r -571
d -1
d 149
s 109 276 1116 86
r -1
s 446 133 1346 164 131 94
r -1
s 305 184 1070 7 190 15
s 439 248 1225 111
r -1
s 1156 230 357 125
s 515 242 945 13 176 28
r -1
d 3
r -1
d 672
s 1490 131 293 171
s 687 119 1185 191 264 46
s 891 52 731 164
s 540 208 788 38 93 31
d -1
r 543
s 1442 25 686 145 17 72
r -1
s 1037 192 577 26
s 664 249 769 37
r -444
d -1
d -1
s 244 111 938 253 67 24
r 813
d -1
s 186 33 1074 148 305 107
d -956
s 1217 274 729 26
d -1
d 161
s 447 170 914 132 209 75
r -1
s 101 243 1454 97 11 12
s 914 245 421 0 16 25
d -1
s 602 56 981 177 182 76
s 1367 269 131 26
d -1
r -1
s 918 222 475 128 199 40
r -328
d -30
r -1
s 547 140 962 181 355 23
d -384
d -1
s 463 137 1395 149
s 1327 248 418 18 70 26
r -1
r 147
s 1234 207 487 12 72 12
r -73
d -1
r -905
d -1
d -1
d 272
s 700 240 1165 82 200 27
r -1
s 13 92 804 253 149 19
s 1099 74 636 238 168 25
s 73 276 1279 47
s 185 122 1150 185
s 1381 213 49 105
s 1143 178 655 139 301 75
d -132
s 938 32 269 184
r -1
s 1238 276 626 130
r -1
d -778
r 84
r 995
d -1
s 1247 259 672 120 203 16
r -1
r -1
r -594
d -111
d 310
d 712
r -1
s 468 251 1068 69 179 11
d 836
r 2
d -1
d -1
s 140 77 1449 168 36 10
d 22
d -1
r -232
r -1
s 453 186 964 51 200 62
r -1
d -786
s 314 232 1409 55 30 13
d -1
r -1
s 1068 154 55 107 147 20
d -488
s 1100 152 423 97 185 112
r -1
r 873
s 737 227 1033 82 265 39
d -1
s 1297 197 221 94 50 41
d -1
d -270
r -1
d -1
d -964
d -1
s 1186 189 597 42
r -1
r 45
s 279 38 788 228 415 24
s 954 104 70 223 524 38
d -1
r -1
r -1
r -1
s 832 217 609 73 201 48
s 416 137 1200 191 190 80
r -1
d -1
r -629
d 303
r -1
r -960
s 1421 74 700 272
s 1255 153 294 107 24 28
s 23 260 1399 23
s 291 170 1259 133 119 99
s 434 205 1338 53 94 25
d -1
r -1
s 1274 47 73 192 23 72
d 616
d 414
s 270 205 808 122 502 12
d -1
s 1190 197 72 103 161 57
r -1
d -69
d -755
r 763
d -1
r -1
d -1
r -1
d -30
d -245
d 315
r -1
r 240
s 1207 222 239 42
s 392 82 1083 221 289 37
d -1
s 1024 15 392 160 375 83
r 234
d -518
r -1
d 565
r -1
r -1
d -1
s 325 117 931 207
d -1
d -1
r -608
r -1
d 351
s 1238 213 181 76
d 468
s 1297 149 575 42 203 103
s 750 108 800 241 10 27
s 1490 175 115 56
d -1
r 118
s 976 26 11 244 122 33
r 465
d -946
r 385
s 1123 205 707 14 307 76
r -845
r 349
s 1289 204 521 35
r -1
d -227
d 578
s 484 217 1038 11 215 37
d 548
d -349
r -1
r 220
s 508 235 936 106
r -570
r -1
r -1
r -1
r -1
r 503
s 356 47 1008 247 375 13
r -1
s 454 190 954 62
d -997
s 15 16 1331 271
r -1
d -1
s 168 171 1357 86 41 43
r 420
r -1
r 448
s 1267 239 674 46
s 424 187 1351 34 51 70
d -888
s 897 194 690 91 40 26
r 731
r -1
r 97
r 276
r 352
r 822
r -1
s 415 208 1119 106 241 29
r -1
r 325
s 257 167 886 17 458 109
d -1
s 1449 260 291 65 22 10
s 446 206 1141 94
s 145 138 1467 219 17 59
r -1
s 83 182 919 44 114 37
d -815
d -1
d 904
r 230
s 1200 216 401 123 297 41
d -80
s 853 40 135 190
d -41
s 859 255 647 123
s 1472 46 322 275
s 937 162 381 27 399 17
d -111
d 315
d -1
r -1
r 605
s 517 265 1371 92
r 628
s 876 196 475 107 92 75
d 238
d 750
d -783
r -1
r -1
r -1
s 1389 236 343 105 38 14
d -198
d -771
s 385 180 911 0 111 15
r -1
s 1354 44 305 271
s 783 162 677 79 94 39
r -1
s 127 218 1182 84 207 14
r -1
r -1
s 311 173 901 122 238 36
d -1
s 469 90 1201 202 294 40
d 351
d -1
r -1
d 789
r -487
r -1
d -847
d -749
d -1
d -576
r -179
s 976 209 682 16
r -769
r 992
s 637 130 895 214 157 61
s 766 17 63 189 68 75
s 411 187 1013 120 364 36
s 302 8 1381 148 28 43
s 327 22 1072 188 137 50
s 365 15 1408 176 23 25
d -702
d -511
r 38
r -91
d -724
d -1
r -1
r -601
r -1
s 1395 240 219 37 69 33
r -213
d -173
s 448 231 1044 109 47 30
d -1
d -1
s 416 52 1211 262
d -1
s 611 9 1120 186 61 65
r 997
r -24
s 262 270 1399 136
d -1
r -1
d -1
s 535 5 1190 270
d 338
d -1
r -1
r -1
s 637 231 1343 89 31 50
s 655 73 1400 194 31 43
s 1243 120 663 205
d -1
r -1
r -1
d -1
s 135 253 1362 96 10 10
r -1
s 627 248 1451 137 49 25
r -1
d -1
d -254
d -1
d -1
r -643
d -490
r -1
d -1
s 732 258 845 91 27 14
d -552
d -1
r -1
d 689
d 463
r -1
r -1
s 382 124 1160 176 142 83
s 267 157 970 42 170 30
d -101
r -1
r 562
d -602
r -1
s 509 180 1481 102
s 483 269 780 46
d -400
s 506 68 778 229 42 21
d 83
s 1241 222 42 16
r -1
s 264 241 1437 69 31 31
d -1
r 79
d 430
r 444
s 109 262 796 100
r -1
d -133
d -294
d -405
r -1
r 448
d 894
r -1
d 834
r -130
d -1
r -1
d -1
r 888
s 293 12 972 234 160 30
r -539
d -1
r -1
r -1
r -1
r -1
s 1121 216 400 60 211 42
s 702 91 1343 226 86 15
d -113
r -1
d -270
d -1
d -1
r -1
d 769
r -1
d -1
r -1
d -1
d -1
d -1
r -663
r -1
r 34
d -1
d -440
d -1
s 930 271 526 38
d -166
r -1
r -1
r 381
r -1
r -328
r -1
s 1448 117 470 177 31 35
d -1
d -525
r -740
d -721
d -1
s 566 167 1072 61 421 70
r 94
r 24
d 815
d -1
d -1
r 182
r -1
r -1
d 628
r 22
d -1
r -1
s 642 25 957 208 97 72
r -1
s 135 97 1318 258 14 14
d -844
d -1
s 1006 91 559 251
s 1119 273 439 33
r -1
d 590
s 681 171 1045 86 97 98
d -1
s 1239 83 170 160 260 46
s 902 279 339 32
r 460
s 85 164 782 71 191 20
d -69
s 756 30 430 239 148 42
d 539
s 218 14 940 229
s 1453 236 545 58 15 21
d -1
r 868
r -1
s 644 213 1230 22 248 39
s 225 222 757 117 297 17
r -1
d -250
r -1
d 694
s 689 20 1120 167 81 50
d -1
s 1472 21 457 214 19 31
s 101 273 1396 33
d -1
s 1107 15 314 232 140 37
s 1461 7 267 241
r 392
r -1
d -780
d -1
d -269
s 996 189 110 3 190 32
d -1
s 335 167 931 27 107 16
s 274 41 1246 222 245 29
r -1
s 1230 187 502 30 212 56
s 1416 129 359 202 11 74
s 332 273 1200 54
r -1
d -1
r 992
s 116 189 1119 3
s 1217 44 157 168 116 56
s 1432 31 233 181 51 41
d -1
d -249
s 126 225 950 5
s 1074 154 22 104
d 235
s 688 156 1063 78 225 40
r -1
d -1
r 974
s 126 45 1283 151 29 50
s 95 218 1060 11 385 11
s 377 247 1060 71 95 33
d 418
r -1
d 89
s 1255 17 271 202 74 25
d -1
d -785
r -1
s 297 188 1018 64
s 1305 144 76 7 167 41
r -1
d -1
d -1
s 947 29 390 280
r -1
r -1
s 1486 133 290 264
d 819
d -1
d -1
d 286
r -715
d -1
r -1
r -1
r -859
d -1
s 795 39 712 278
s 289 178 1158 71 252 58
s 157 84 1411 190 82 86
d -1
s 649 123 1311 200 25 57
s 824 3 63 169
r -441
r -1
s 475 73 1261 216 179 29
r -518
r -513
r -154
s 807 149 707 34 69 132
r -1
r -1
s 1497 174 231 60
r -1
s 927 96 89 162 452 58
s 1481 185 581 23
s 915 247 659 47 176 19
d -1
d -344
d -1
d 375
d -1
s 1145 129 67 184 263 74
s 1167 212 626 7
s 875 104 93 258 329 12
d 391
r -75
s 24 187 1348 82
s 792 6 313 247
s 1258 21 395 143 92 125
r -696
s 1265 47 55 261
s 924 227 607 63 263 13
s 106 48 996 257 437 10
s 638 83 1488 164
s 799 250 736 31
d -1
d 412
r -1
s 350 73 1179 222 46 30
d -1
s 18 82 1090 163 357 66
s 1426 262 598 123
r -110
d -1
s 1044 171 585 54 384 99
d -1
s 667 4 1450 187 36 93
d 494
s 209 45 1023 171 237 61
s 149 273 1455 114
r -1
r 828
r -1
s 1010 171 75 121 442 55
r 598
s 719 100 884 226 109 54
r -636
s 577 183 1099 26 177 18
r -104
d -1
s 868 94 7 233 178 23
r -834
s 898 246 593 21 171 24
d -77
s 1349 56 326 226 14 48
s 880 184 647 129
d 628
r -1
r -763
s 1428 200 512 74
r 142
r -1
s 157 279 1018 55
r -1
d -1
r -332
r -233
r -1
r -1
s 2 50 1439 170 17 74
s 745 258 934 66 22 20
d 975
r 622
d -1
r 713
r -1
r -1
d -1
r -1
r -1
s 705 15 1153 227 175 31
d -1
d -555
r 918
d -1
d -1
r -1
d 952
d -1
r -1
r -1
r -208
d -1
d -318
r 354
s 1233 215 73 85 232 53
d -495
r -1
s 1396 30 715 158
s 1221 15 190 201
r -508
d -1
d -1
s 1063 16 19 272
r -1
r -552
r 355
d -1
s 220 250 1179 7 116 23
d -726
d -48
r -671
r 354
s 110 271 933 49
r -570
s 21 110 1091 199 324 66
d 897
r -1
d -582
r 652
d -1
d -1
s 1355 52 687 265
d -1
r -1
d -470
r -281
r -1
d -1
d 321
d -121
d -1
r -127
r -604
r -1
r 56
r -1
r -95
r -1
s 242 154 1413 62 45 50
d 389
r -1
s 134 79 1124 254
s 1176 109 100 164
r -1
d -1
s 563 132 1052 220 411 40
r -1
s 312 108 1150 150 144 22
s 262 82 1038 144 457 66
d -936
d -1
r -1
r -1
d -479
s 960 266 346 41
s 955 61 258 270
r 688
r -1
s 1183 179 270 36 52 94
r -1
r 188
r -1
r -1
r 359
s 1395 176 498 46 41 69
d -1
s 1029 47 152 210 81 48
r 622
s 995 237 692 88
d -673
s 877 212 64 38 173 54
d -224
d 479
s 502 227 1254 45 30 26
d -1
r -994
s 499 26 1484 276
s 1143 155 423 39 298 110
s 675 20 784 244 74 24
r 96
d 149
s 779 273 474 124
d -1
d -766
r -1
r 159
s 313 256 897 2
r -1
r -1
s 374 102 1139 224 331 49
r -1
d 666
s 14 64 992 263
s 890 230 699 14 150 35
s 145 27 775 172
s 245 97 1157 278
s 333 49 1441 247 21 26
r 862
r -227
d -1
r -866
r -1
r -1
d -1
r -137
r -1
s 1192 25 99 227 62 15
d -1
r -733
d -1
d -1
d 170
s 28 90 762 240 156 27
d 61
s 1102 56 97 194 22 63
r -651
d -9
s 989 149 445 43 357 111
d -1
r -125
s 823 41 548 260
s 1236 265 269 93
s 1210 45 115 194
r -255
d 319
d 372
s 697 91 1225 226 268 55
r -1
r -1
r 610
d -1
d -1
d -1
s 1355 147 154 106 95 27
s 1076 233 524 67 134 11
s 943 241 143 50 522 30
d -1
s 1284 88 328 247 63 30
s 318 30 1341 193 44 88
d 856
r -1
r -748
r 520
d -1
d -1
s 698 243 1462 43 31 24
d -1
d -1
r -1
r -1
d -957
d -1
r 410
r 574
d -1
d -1
r -233
r 995
d -1
r -1
d -1
d 219
d -1
r -702
s 930 146 242 126
s 1469 135 225 159 15 70
d -841
r -1
d 598
r 898
s 1444 140 438 189 30 41
s 722 17 1015 241 285 19
r -1
d -165
r 915
r 419
d -47
s 1156 183 550 105
s 1280 146 571 7
s 1226 140 287 189
r -1
r -1
r -1
d -934
d 532
s 963 46 703 225
r -829
r 630
s 1234 31 629 219 24 11
s 461 117 827 240 156 18
r -1
d -585
d -1
d 15
d -1
d -83
d -1
r -1
d -1
r -1
s 263 5 933 244 296 21
d -1
s 1347 57 10 147
s 618 81 1493 228
r -1
r -989
d -881
r -494
s 1029 168 197 23 219 85
s 620 84 1418 217 10 53
d -1
d 961
r -27
r -737
d -1
r -130
d -1
d -1
d 25
r -1
d -828
s 212 34 954 155
r 929
r -1
d -639
s 169 50 1104 226 223 55
r -977
d 862
d -1
d -1
s 475 98 1333 208 94 48
s 70 75 1403 190 54 14
r 905
d -1
d -1
s 1107 60 551 171 228 78
r -1
r -1
d 650
d 528
r -68
d -1
d -669
r -150
r -1
s 817 52 469 199 127 59
d 463
r -1
d -857
d -1
d -1
s 137 169 1330 4
r 124
d 509
d 994
r 828
d 81
s 681 65 1311 176 43 76
s 834 149 581 3 219 95
s 904 88 342 243 460 30
s 1433 126 77 141
s 257 84 1455 220 44 45
d -1
d -104
r -637
s 989 257 577 34
d -1
s 1342 229 476 106 116 16
s 288 16 1116 169 249 105
d -109
d -211
r -1
d -557
d 6
s 1035 31 211 227
r -472
s 476 249 1485 44
d -875
s 1437 271 736 20
r 181
r -731
d -291
s 165 153 1169 25 30 13
r 621
d -1
d -304
s 602 123 1073 162 383 35
r 941
r -1
d -1
s 176 77 1234 269
r -1
r 848
s 1404 30 643 194 41 80
s 545 108 980 280
d -1
d -839
r 686
d -237
r -1
r -550
s 1495 51 654 239
d -399
d -1
d -7
d -1
d -1
s 154 279 929 99
r -1
r -678
s 780 43 445 229
s 720 101 1399 219 100 21
d -1
r -1
d -1
s 1130 11 32 275
r -244
r -1
s 883 132 385 208 308 21
d -1
r 325
d -1
s 362 120 947 172
r -1
d 179
d 939
r -1
r 817
s 202 113 1075 174 208 103
s 1440 47 695 221
r -1
s 945 170 654 124 77 32
r -1
r 20
d -1
r -970
s 229 183 1492 54
s 547 29 1440 275
s 396 32 1064 177 241 76
d 928
d -447
s 1094 164 34 11 107 57
d 133
s 181 258 1108 51
r -908
s 165 20 1213 167 201 104
r -1
r 334
s 1215 171 689 15 149 81
s 280 111 1093 160
d -1
d -1
s 663 96 1318 229 13 44
d 608
s 527 11 807 242
r -1
d 10
r -848
r 356
d -127
r -1
s 376 249 1098 89
d 904
s 358 261 762 19
r -1
d -740
s 277 140 1332 154
r 201
d -1
d 698
r -1
r -1
s 908 46 610 186 148 24
d -1
s 986 141 700 31 213 101
r -1
r -254
d -55
s 107 186 1299 129 98 66
r -1
r -459
s 227 241 1438 36 47 38
r -1
s 1285 225 172 91
d -1
d -1
d -1
d 347
r -393
s 833 110 750 195 49 74
r -1
r -1
s 447 278 1408 84
d 598
r -281
s 1096 66 639 273
s 214 279 794 27
s 836 240 16 106 593 12
s 396 204 1305 31 46 52
d -1
d -323
s 125 127 1345 253
r -461
r -1
s 989 139 546 266
s 434 100 892 236
r -1
r 657
r -1
r -1
r -981
s 23 249 1326 133 84 23
s 660 182 847 58 96 10
s 723 275 1123 81
d -476
r -1
r -789
r -853
r -829
r -1
s 373 41 1039 267
d -1
r 847
s 921 213 500 88
s 1067 158 145 116 297 51
s 1005 117 555 193 173 56
d -1
d 954
s 466 72 1167 159 154 11
s 474 85 1322 240
d -1
r -1
s 506 18 1075 194
d -1
d -1
s 1099 57 322 221 90 42
s 181 266 1100 61
r -1
r -1
r 793
d -1
d -1
d 581
d 80
d -586
s 661 175 1218 94 31 26
r -1
s 928 183 451 137 45 18
r -1
r -1
d -364
d 256
r 443
d 395
s 1243 200 524 56 154 20
s 1354 5 397 257 61 11
r -343
r 966
r 325
s 838 196 375 123 203 37
r 47
s 711 205 1431 70 63 37
r -1
r -1
r 492
r 367
r -279
d -863
s 1067 180 337 8 164 33
r 302
r -1
d -21
r 881
d -597
r 746
s 41 235 775 56 314 45
s 392 279 1471 4
d -879
s 910 261 532 87
r -1
r 316
s 244 120 1167 206
s 235 178 942 80
d -738
s 145 99 1473 156 21 17
s 956 188 511 86
r -822
d -1
r -1
r -1
r -1
s 60 33 1154 189 317 37
r -1
d -750
d -1
d 633
d 773
r -1
d -1
s 1339 91 734 195
s 105 2 1087 213 410 46
r 46
r -302
d -1
r -203
s 248 56 1191 202 87 55
r 903
d -1
r -1
s 96 193 1158 43 239 24
d 476
d -1
d 429
s 572 94 1086 197 165 59
s 1054 131 176 158 64 35
s 106 58 1150 147
s 266 88 1419 255
d -362
s 1105 142 657 38 41 65
s 1333 6 332 198 114 66
s 173 102 1312 271
s 1087 165 522 50 210 27
d 423
s 1040 246 81 25 115 13
d -1
d -1
d -1
r -1
r -692
s 1028 250 402 130 259 13
r -1
s 1048 221 72 33 213 49
r -242
d 199
r -1
r -1
r 264
s 1283 117 358 211
d -98
s 1482 238 250 8
s 158 177 839 11 654 80
s 674 115 1065 178 96 73
d -1
d -1
d -1
s 250 261 846 58
r -1
s 113 262 853 64
d 353
d -1
d -1
r -273
d 695
s 143 45 912 211 94 46
d -942
s 237 4 905 167 582 102
d -1
s 1377 75 614 210
r 887
d -1
r -30
s 472 215 1002 80 28 31
d 955
s 1234 219 707 54 196 52
r -1
s 244 256 1272 71 169 17
s 294 137 1449 243 43 35
d -1
s 1180 145 397 4
r -734
r -1
r -1
s 1133 276 254 18
r 739
s 106 108 1495 210
s 970 184 533 84 427 61
d -1
r -1
d -1
s 216 257 1375 123 36 10
d -1
r -988
s 485 182 870 33
d 14
d -473
d 881
d -1
d -294
s 76 49 1354 243
r 136
d 333
r 188
d 872
s 125 175 1253 11
d -1
r -116
d -1
r -825
s 549 171 941 50
s 980 42 22 257
r 648
s 582 223 799 57 76 51
s 1064 185 201 47
s 1305 166 732 68
r -1
r -1
s 916 1 344 193
s 342 19 1342 209 43 72
r -467
r -1
s 1400 78 356 247 12 13
d -1
r -1
s 697 210 1039 121
d 193
r 925
r -1
r 706
s 1452 250 74 56 20 14
r 885
s 1 169 1229 96 42 102
r 612
r 17
d -1
s 1355 269 554 70
r -234
d -1
d 192
s 47 213 1352 136 130 36
s 1243 196 112 102
s 313 187 1292 98 127 69
s 348 252 1194 67 233 25
d -255
s 1341 32 113 276
r -1
d -600
r -147
d -1
r -1
r -1
s 345 106 1075 218 54 26
r -1
s 932 201 746 119 18 16
s 542 203 1243 43 174 47
r -1
d -884
s 1078 246 118 22
r -696
s 369 257 1415 97
r -531
r -1
s 721 179 1381 33 37 91
r -1
s 326 234 792 130
r -1
d -1
d 426
s 759 186 602 91 22 86
d -1
r 162
s 715 258 996 16 67 17
d 93
d -1
d -1
s 452 177 1286 32 185 98
s 1304 241 239 121 33 31
r -1
r -1
r -1
s 1306 45 693 266
d 251
r 79
d 234
d -1
s 841 273 305 110
s 617 182 1275 20 26 16
d -1
s 1285 125 643 250
d -624
r -1
s 539 190 934 16 383 53
s 634 242 1431 75
r -1
r -602
s 562 233 805 24
r -479
r 16
r -141
r -1
r -1
r -1
s 658 132 1174 202
d -538
d -809
s 841 261 567 123
d -1
d -1
s 1421 198 714 8 34 22
s 995 184 681 113 218 67
r -1
s 355 177 1069 81 250 96
r -1
s 1075 30 307 235
r -1
r -1
r -1
r 732
r -1
s 196 243 1426 12 14 20
d -1
s 277 188 1110 52 240 19
r 775
d -1
s 265 92 999 280
s 652 126 1437 176 35 62
r -5
d -1
s 1426 70 505 257 67 11
s 849 241 105 60
r -241
s 823 120 54 244
r -93
d 395
r -473
s 369 12 1294 244 82 29
r -1
r -1
d -1
s 312 277 1344 57
s 1205 240 453 32 225 31
d -1
d -73
s 565 124 1371 174 59 105
s 698 34 794 229
r 174
r -856
d -1
s 1055 155 729 115 90 51
s 310 227 1448 51 43 13
s 937 257 63 130 503 19
d -1
d -1
r 779
d -1
s 882 262 653 63
r -1
r 307
d -1
d 951
s 1271 18 585 143 49 107
s 700 128 1303 235 79 30
r -158
d -358
s 1099 62 597 195 319 19
r 899
d 4
s 317 148 801 101 234 106
d -1
r -627
s 595 264 1452 31
d -1
s 1121 131 115 170 342 48
s 1013 262 349 7
s 623 279 931 106
r -1
r -748
s 139 160 1108 39
d -1
d -1
s 1109 54 184 162
s 922 158 596 117 280 26
d -1
d -1
s 1094 61 91 147
s 549 104 885 169 135 46
s 740 201 1093 46 259 57
d -295
s 318 13 1255 211 210 27
d -688
d -1
d -174
d -962
s 45 0 1110 259 166 15
d -547
s 1053 268 472 77
r -1
r -1
d -1
s 1081 222 630 54 323 32
d -411
r -1
d -1
r -1
s 1488 170 308 117
d -1
r -174
r -1
s 117 217 1398 37 34 16
s 758 132 22 153 347 17
r -1
s 406 74 1440 279
d -1
s 150 74 902 206
s 742 272 1310 16
r -1
s 720 183 1318 121 123 62
s 860 180 408 23 59 76
d 238
r -1
s 312 47 1360 267
s 379 150 1078 128 392 26
d -998
s 132 163 888 50
s 902 163 379 2
s 202 274 1132 47
d -1
r 851
r -341
d -1
r -1
d 672
d -1
s 529 229 1025 113 298 36
r 828
d -1
d -116
d -1
r -1
r -1
d -1
d 650
s 891 201 689 104 189 39
d 574
r 888
d -1
d 835
r -1
s 1276 87 378 280
d -1
s 950 64 104 254 243 25
d -1
s 640 109 1369 142 131 19
r -1
r -1
r 697
d -17
r 400
d 960
r -1
s 1316 77 406 201 166 19
d 368
d -84
s 892 147 711 81 13 29
r 375
r -1
r -1
r -695
r -1
s 995 173 536 30
s 18 155 1051 99
d 613
s 927 112 475 228 69 32
d 819
d 741
r 477
d 504
r 519
r -960
s 1145 133 718 188
s 66 250 819 81
d -1
s 46 108 819 204
r -1
r -79
r -1
s 336 33 1099 223 291 58
s 1499 180 247 140
r -552
r -1
d -753
s 80 43 1363 168 72 69
s 186 244 1115 126 298 16
s 1446 137 437 190
d -1
s 62 139 1051 200 92 10
r -1
d -674
r -19
r -1
s 1043 32 303 187
d -691
s 265 158 1130 67 261 83
d 405
s 807 226 147 19
r -1
s 1439 157 0 17 50 21
r -384
r 54
s 1130 209 127 52 110 66
s 154 212 1039 55
r -1
s 1202 113 253 253 21 19
d -1
d -1
d -480
r -1
d -812
r -48
d 194
r -1
s 549 249 887 57 42 30
d 79
s 843 112 541 250 153 27
d 446
r -1
r 786
d -951
d 52
d 812
r -1
d -1
r -1
r -1
r -1
d -1
d -1
s 70 170 883 4 26 111
s 797 108 308 151 347 88
d -1
s 860 61 344 250 297 29
d 646
d -1
r -1
r 934
d -1
d 360
d -1
d -784
d -1
s 213 32 1110 171 217 67
d 754
d -1
s 535 165 1220 68 50 50
d 620
r -1
s 1494 105 279 176
s 868 178 88 102
r -58
s 706 87 1258 178 181 45
s 1039 259 666 64 282 18
r -1
d -1
s 459 15 1328 173
d -1
s 1416 149 288 137
r -1
s 366 178 969 82 73 58
s 1299 272 437 30
r -652
s 324 67 837 270
s 1377 195 645 92
s 1373 70 593 261
s 1026 162 426 43
s 1119 271 546 73
d -1
r -1
s 968 241 295 113 206 39
d 815
r -964
r -701
s 522 223 1358 8 45 58
s 1061 82 98 178 426 10
r -1
d -923
r 240
s 1170 176 85 60 195 81
d 596
d -348
d -715
s 1374 184 96 14
s 357 63 955 275
s 175 83 884 151 466 71
d -1
d -1
s 549 254 1231 55 18 22
s 1388 109 698 260 110 11
s 1471 225 599 58 22 49
d -1
d 638
d 540
d 124
r 622
d 913
s 597 188 1369 77 39 11
r -1
d -193
r -662
d 520
r 270
d 374
s 559 114 1210 236
d 861
r 733
s 942 153 305 13 170 70
s 1343 71 31 205
d -1
r -1
r -129
s 1294 71 14 193
d -279
s 1439 99 296 207 54 54
r -1
d -1
s 505 53 1010 254 93 21
s 207 216 953 108
r -1
d -2
r -1
s 443 226 1082 28 399 40
s 918 244 105 29 307 37
d -1
s 58 20 1291 201 82 24
s 25 183 908 7
s 108 127 1434 192 12 74
s 848 27 199 211 195 50
r -1
s 977 133 637 235 73 13
r 470
d -1
r -1
s 1008 147 569 64 346 49
r -1
d -1
d 302
s 262 227 1225 53 200 18
s 717 252 1069 2 14 27
d -1
d 395
s 1364 236 344 92
r -894
s 675 60 1172 213
s 1085 113 122 189 402 43
s 935 278 53 92
s 199 280 1189 101
s 829 3 42 247
d -1
s 133 0 1094 164 178 54
s 1226 90 83 152 119 122
r -1
s 731 18 929 145 93 48
s 756 238 371 49 255 32
d -1
s 849 153 62 9
s 406 50 1269 175 95 58
r -1
s 1277 225 522 133 13 25
r -1
r -1
d -988
d -1
d -1
d -1
d 461
r -1
r -223
r -269
r 707
s 31 113 1070 261
r -1
s 1355 185 41 126 76 54
r -1
s 547 254 1451 45 34 22
d -1
r -1
s 625 7 1465 230
r 932
d -1
d -1
d -955
d -1
d 57
s 633 2 837 176 52 62
d -1
r -206
d -1
r 980
d 611
s 447 172 802 25
r -779
d -1
r -1
d 66
d 818
s 1233 128 555 186
r -1
d 526
s 398 31 1071 241 328 10
s 495 196 1117 61 269 21
s 20 237 1281 133
r -1
d -1
s 387 16 1085 214
d -1
d -123
d -1
d -1
d -528
r -1
s 1416 51 219 260 53 17
d -1
s 423 181 1154 133
r -322
s 218 177 1184 53
r -1
d 861
r 124
s 657 261 1478 60
r -308
s 426 35 1334 219 10 57
s 1119 174 496 74 92 23
s 774 112 287 271
d -1
s 37 23 841 170 59 80
d -1
d -1
s 1317 79 663 255 17 14
r -1
s 965 220 47 102 73 54
d 238
s 857 33 676 225 137 36
s 1350 278 203 34
d 912
s 559 31 1326 184
d -1
r -1
r -1
d -294
r 162
d 478
r -381
s 113 185 1149 128 23 65
d -963
r 272
r -1
r 739
r -755
s 1174 121 568 263
s 1066 182 743 32 93 97
d -1
r -1
d -839
s 1227 19 304 151 174 129
d -1
r -1
s 1165 61 735 240 154 30
s 445 217 1073 140 19 53
r -1
d -1
r 401
s 1283 266 328 63
d -558
s 981 186 720 95 258 65
d -1
d -195
d -1
d -1
d 20
d -1
s 1425 30 462 249 41 15
d 1
s 263 118 923 163 233 63
r 776
r -1
s 12 250 1230 115 210 25
s 552 28 1086 204 171 11
r -1
d 73
d 195
r -264
s 840 257 421 95 139 14
r -1
r -304
d -1
d -1
s 1122 28 704 266
s 66 169 1203 11 49 79
r 866
s 911 110 580 180 141 84
d 612
s 626 130 1169 166 125 44
r -357
d 834
s 550 16 934 167 91 66
r -1
d -1
s 323 266 1123 57
d -1
d 110
s 991 87 733 191 204 15
s 16 127 781 155 177 101
r -1
s 1164 179 23 10 139 56
r 74
d -1
r -1
s 1021 238 677 29 284 17
d -839
d -1
r 772
s 1147 243 182 111
d -184
r 787
r -1
s 671 33 799 193 29 64
d 117
d -1
s 5 47 904 181 54 10
s 616 45 1327 156 82 118
r 239
s 112 53 1431 181 37 44
d -713
d -656
d -1
s 528 185 1130 91 307 15
s 20 267 844 124
s 1185 82 136 213 238 48
r -58
s 441 65 1018 186 134 75
r -1
d -1
s 61 179 1272 62 52 61
s 682 45 1259 236 114 32
d -1
r -762
d -1
r -1
d -1
s 1387 103 159 231 21 25
r 797
d 687
s 728 246 1163 30 277 14
s 275 185 1396 133 13 56
s 197 52 821 191 358 65
r 557
d -378
d -1
r -1
s 283 180 1357 92 85 41
d -1
r -1
d -1
s 90 224 939 66
r -63
d -1
s 737 229 855 23 14 51
s 643 117 956 224 214 14
s 403 265 1371 7
r 365
d -1
d 932
d -638
r -593
d 844
s 89 145 1222 30 185 33
r 683
s 114 88 1203 271
d -1
r -736
s 565 92 891 155 169 98
d -1
d -1
r 726
d 216
d -431
r -1
s 88 230 800 127 673 16
d -152
r -827
r -444
s 472 244 868 109 72 27
d -1
d 498
s 994 105 520 249 330 26
d -279
s 892 234 305 106 43 41
r -1
s 398 165 1208 114 278 59
s 277 246 1278 33 198 14
d -712
d -1
r -1
d -1
r -1
s 1387 21 486 200 51 29
r -1
s 202 179 913 38 492 31
s 1392 118 1 141 73 76
s 1225 205 493 80 42 24
r -1
r 21
r -1
r -1
d -1
r -1
r -1
s 254 229 1093 37
r -800
s 690 142 1144 139
s 839 248 273 134 266 12
r 249
r -1
s 381 265 1065 111
r -1
d -1
r -1
r -431
d -1
r 431
s 844 40 499 204
s 350 146 984 66 289 14
r 527
r -1
r -1
s 1012 263 180 12
r -1
s 718 6 985 251
s 590 85 1190 160 269 100
d 754
d 984
d 857
s 776 0 77 279
r -1
s 853 75 153 240 373 19
r -1
d -1
s 1007 242 222 93 367 24
s 127 241 765 100 470 20
s 877 139 612 161
r -1
s 1289 266 256 114
s 1361 93 172 146 44 124
r -1
r -1
d -1
r -583
r 34
r -403
d -1
r -1
r -1
d 183
d -1
s 1059 133 368 253
r -1
r 288
s 775 140 247 228 107 49
r -1
s 897 102 137 265
d -494
r -1
s 1142 218 323 139 132 59
d -1
d -1
s 812 277 271 116
r -1
r -1
s 308 191 1151 77 241 65
d 444
r -424
d 842
s 398 253 1226 27 127 14
d -1
s 412 280 1130 131
d -1
s 234 138 1017 262
r -1
r 676
r -305
r -188
d -954
r 33
s 457 155 1369 68
r -1
d 673
r -1
s 452 45 966 181 204 97
r -1
d 789
d 548
s 1199 166 738 127 38 39
d -1
s 1210 255 191 80
s 946 254 4 71 205 17
r -1
s 644 83 1163 266
d -490
s 566 21 830 267
r 757
d -1
r -1
s 366 273 1038 79
d -1
r -1
r -1
d -1
r 197
d 237
r 805
d 115
s 716 94 789 196 73 28
r -1
r -166
r -121
s 391 5 1410 278
s 251 208 826 129 51 33
d -1
r 967
d -1
s 784 198 144 60 348 60
d -315
r -365
r 452
s 1075 157 73 122 275 37
r -1
s 652 168 1486 32
d -1
r -671
d 646
r -1
r -1
d -162
d -1
s 373 164 1150 46 123 45
r 580
r 303
r -1
d -1
r -1
s 569 216 1346 58 53 49
d -1
r -1
r -1
r -259
s 241 193 902 113 251 24
r -1
r -1
s 1347 222 415 76 101 15
d -1
r 292
d -1
d 127
r 159
s 843 112 672 170
s 351 181 1034 128 454 50
r -1
s 1136 276 131 73
r -1
s 149 25 810 221
s 1460 258 265 57 32 18
d -1
d 670
s 315 248 1112 61 172 23
r -1
s 664 266 933 93
r -217
s 241 166 1474 10 25 60
s 267 146 1349 27 51 54
s 330 28 815 193 185 59
d -1
r -1
r -1
s 1206 193 3 129
r -532
d 333
r -680
d -1
s 1141 191 594 121 300 56
r 54
s 1062 219 448 90 245 41
r -1
d -1
s 1004 121 112 275
r -1
r -872
s 958 270 166 68
d 630
r -1
d -1
d 463
r -586
d -1
r -894
s 1149 4 68 147 226 33
s 693 166 1360 116
d -84
s 336 224 1375 98 81 16
s 1269 271 416 91
d -1
d -1
d 946
s 61 273 1043 109
d -1
d -1
r 662
s 463 209 822 81 32 17
d -1
s 1238 175 413 68 47 17
r -1
r 855
s 1444 210 127 96 34 18
d 697
d -1
r 373
d -1
r -679
r -454
r -1
s 432 174 1006 114
s 1081 44 486 241 315 22
d 87
s 797 199 203 12 55 54
r -602
r -28
d -1
s 1222 48 377 268
d -1
r -37
s 1466 262 723 111
d -1
r -1
r -1
r -637
r -1
s 1062 17 474 257 228 20
d 437
r -1
d -1
d -1
d -1
s 616 7 1015 206
r -1
s 1401 121 148 197
r -1
d -896
d -1
r -1
s 457 74 1386 267
r -637
s 1064 218 523 102
r -1
s 454 179 901 126
r 520
r -1
