l
l
s 806 292 528 64 110 40
l
d 790
s 1000 425 298 110 290 13
u
r 46
u
r 686
s 384 345 703 130 64 69
d 529
r 464
u 200
s 1282 329 497 4 49 26
s 106 223 686 266 400 81
s 1318 92 223 415
s 642 214 765 363 29 54
s 752 429 477 142
u
s 1117 298 81 113 109 80
l
s 1125 228 140 201
s 407 48 677 331
s 1195 120 486 385
s 207 137 833 415 508 10
u 629
s 1184 226 439 47
s 673 88 725 226 27 195
l
u 927
s 974 308 556 135 328 81
s 40 166 1025 347
s 483 344 1218 86 105 69
l 544
d 367
s 272 174 1251 366 81 45
s 544 208 1226 281 47 151
s 171 117 945 275 261 167
l
l
l
u 855
d 803
r 916
u
u
r 381
u
s 1095 70 207 409 111 33
